ColorScheme1=[ 16,81,15]/255;
ColorScheme2=[217,168,91]/255;
ColorScheme3=[255,249,128]/255;
ColorScheme4=[105,46,60]/255;
ColorScheme5=[182,106,70]/255;
ColorScheme6=[240,240,240]/255;
