ColorScheme1=[ 72,24,8]/255;
ColorScheme2=[193,170,147]/255;
ColorScheme3=[221,165,47]/255;
ColorScheme4=[142,11,16]/255;
ColorScheme5=[111,59,23]/255;
ColorScheme6=[240,240,240]/255;
