ColorScheme1=[ 43, 79, 96]/255;
ColorScheme2=[189,199,201]/255;
ColorScheme3=[234,211,203]/255;
ColorScheme4=[132, 84,96]/255;
ColorScheme5=[120,120,120]/255;
ColorScheme6=[240,240,240]/255;
