ColorScheme1=[ 22,75,89]/255;
ColorScheme2=[242,228,215]/255;
ColorScheme3=[255,184,118]/255;
ColorScheme4=[ 77,122,99]/255;
ColorScheme5=[120,120,120]/255;
ColorScheme6=[240,240,240]/255;
