ColorScheme1=[ 74,84,174]/255;
ColorScheme2=[21,146,129]/255;
ColorScheme3=[249,247,211]/255;
ColorScheme4=[190,59,47]/255;
ColorScheme5=[186,213,133]/255;
ColorScheme6=[95,125,182]/255;
